Agent             			start-main	start-agent	agent-setup	file-trans	main-exec	total-exec


Running avrora:
no-trans-agent    			425.33		93.00		330.00		0.00		12433.67		12880.33
empty-perm-agent  			439.67		89.00		346.33		0.00		12891.67		13356.00
no-agent          			82.00		0.00		0.00		0.00		12493.67		12600.00
no-fr-perm-agent  			432.67		88.00		340.67		0.00		12315.67		12767.67
all-perm-agent    			462.67		91.33		367.00		0.00		12497.33		12981.67

Running batik:
no-trans-agent    			424.33		88.00		334.00		0.00		5997.00		6448.67
empty-perm-agent  			434.67		90.00		340.67		0.00		6016.00		6480.33
no-agent          			80.00		0.00		0.00		0.00		5932.67		6043.33
no-fr-perm-agent  			435.33		88.00		343.00		0.00		5992.00		6456.33
all-perm-agent    			460.67		87.00		369.67		0.00		6003.00		6493.00

Running biojava:
no-trans-agent    			422.67		91.00		329.67		0.00		22212.00		22671.67
empty-perm-agent  			436.67		89.67		342.67		0.00		22200.00		22673.33
no-agent          			87.00		0.00		0.00		0.00		21993.00		22120.33
no-fr-perm-agent  			430.33		89.00		337.00		0.00		22167.00		22635.67
all-perm-agent    			467.33		95.00		368.33		0.00		21994.67		22500.67

Running eclipse:
no-trans-agent    			432.33		91.67		338.00		0.00		46909.67		47472.00
empty-perm-agent  			960.67		195.33		753.67		0.00		59335.33		60455.33
no-agent          			89.33		0.00		0.00		0.00		40840.33		41031.67
no-fr-perm-agent  			444.33		95.00		345.00		0.00		39864.33		40415.67
all-perm-agent    			464.67		90.00		371.00		0.00		41213.00		41811.00

Running fop:
no-trans-agent    			415.67		88.00		325.00		0.00		4582.67		5076.33
empty-perm-agent  			426.67		87.33		335.33		0.00		4714.00		5230.00
no-agent          			80.00		0.00		0.00		0.00		4793.00		4958.33
no-fr-perm-agent  			435.33		91.00		340.67		0.00		4681.33		5176.33
all-perm-agent    			461.00		90.67		366.00		0.00		4741.00		5272.00

Running graphchi:
no-trans-agent    			940.00		209.67		724.00		0.00		34224.00		35203.00
empty-perm-agent  			811.67		197.00		607.33		0.00		26640.00		27484.33
no-agent          			81.33		0.00		0.00		0.00		21132.00		21238.00
no-fr-perm-agent  			437.00		88.00		344.67		0.00		20798.33		21260.33
all-perm-agent    			471.33		87.33		380.00		0.00		21174.00		21670.00

Running h2:
no-trans-agent    			413.67		84.67		326.67		0.00		21657.67		22521.00
empty-perm-agent  			433.67		90.33		339.33		0.00		21562.00		22375.00
no-agent          			79.00		0.00		0.00		0.00		21813.00		22495.00
no-fr-perm-agent  			432.00		89.33		339.33		0.00		21861.67		22836.67
all-perm-agent    			465.67		87.33		374.33		0.00		21660.33		22653.00

Running jme:
no-trans-agent    			421.33		90.67		327.67		0.00		8936.00		9377.67
empty-perm-agent  			427.67		90.67		333.33		0.00		8975.33		9425.67
no-agent          			79.33		0.00		0.00		0.00		9045.67		9145.33
no-fr-perm-agent  			435.33		89.00		342.33		0.00		8949.00		9407.00
all-perm-agent    			463.00		89.33		369.67		0.00		8999.33		9484.67

Running jython:
no-trans-agent    			419.33		89.00		328.33		0.00		15888.67		16367.00
empty-perm-agent  			440.33		92.67		343.67		0.00		16080.67		16581.00
no-agent          			82.67		0.00		0.00		0.00		15907.00		16048.33
no-fr-perm-agent  			443.33		89.33		349.33		0.00		16289.67		16789.33
all-perm-agent    			457.00		88.67		364.67		0.00		16292.33		16806.33

Running kafka:
no-trans-agent    			417.00		89.00		325.33		0.00		11223.00		12777.00
empty-perm-agent  			436.67		88.67		344.00		0.00		11446.00		12976.67
no-agent          			76.00		0.00		0.00		0.00		11408.00		12608.33
no-fr-perm-agent  			431.00		90.67		336.33		0.00		11463.67		13005.67
all-perm-agent    			453.67		90.00		359.67		0.00		11393.67		12946.67

Running luindex:
no-trans-agent    			423.67		90.67		330.00		0.00		41517.67		42012.33
empty-perm-agent  			436.33		90.00		342.33		0.00		41444.33		41979.00
no-agent          			80.00		0.00		0.00		0.00		41519.00		41671.00
no-fr-perm-agent  			437.67		90.00		343.67		0.00		41197.33		41722.00
all-perm-agent    			460.67		89.00		367.33		0.00		41193.67		41744.67

Running lusearch:
no-trans-agent    			424.00		89.00		332.67		0.00		15084.00		15554.33
empty-perm-agent  			437.67		89.00		344.67		0.00		14924.00		15406.00
no-agent          			76.67		0.00		0.00		0.00		14695.00		14836.00
no-fr-perm-agent  			430.67		86.33		340.33		0.00		14265.33		14766.67
all-perm-agent    			467.33		90.33		373.33		0.00		15097.67		15614.67

Running pmd:
no-trans-agent    			416.00		86.00		327.67		0.00		9420.00		9885.00
empty-perm-agent  			437.33		88.00		345.33		0.00		9501.33		10000.67
no-agent          			78.67		0.00		0.00		0.00		9520.00		9647.67
no-fr-perm-agent  			431.67		89.67		337.67		0.00		9514.67		9997.00
all-perm-agent    			454.67		89.00		361.67		0.00		9442.67		9946.00

Running spring:
no-trans-agent    			417.00		91.33		323.33		0.00		17692.67		18232.33
empty-perm-agent  			425.67		87.00		334.67		0.00		18214.33		18772.33
no-agent          			81.00		0.00		0.00		0.00		18204.67		18405.67
no-fr-perm-agent  			440.67		92.00		344.67		0.00		18248.33		18808.33
An error occurred. 'MAIN_EXITING'
Running sunflow:
no-trans-agent    			419.00		86.33		330.00		0.00		7335.00		7776.67
empty-perm-agent  			437.33		93.67		338.00		0.00		7820.67		8281.33
no-agent          			79.00		0.00		0.00		0.00		6985.00		7086.33
no-fr-perm-agent  			431.33		89.33		338.00		0.00		7198.67		7653.67
all-perm-agent    			458.00		88.33		365.67		0.00		7853.00		8334.33

Running tomcat:
An error occurred. 'MAIN_EXITING'
Running tradebeans:
no-trans-agent    			414.00		88.00		323.67		0.00		28189.33		28961.33
empty-perm-agent  			437.67		94.33		339.33		0.00		29458.33		30254.67
no-agent          			77.33		0.00		0.00		0.00		31097.33		31523.33
no-fr-perm-agent  			453.67		93.67		356.00		0.00		30887.33		31708.33
all-perm-agent    			481.00		97.67		379.33		0.00		30412.33		31259.00

Running tradesoap:
no-trans-agent    			453.00		91.67		358.33		0.00		39273.00		40082.33
empty-perm-agent  			440.67		93.33		343.33		0.00		39456.67		40295.33
no-agent          			82.67		0.00		0.00		0.00		39415.00		39850.67
no-fr-perm-agent  			458.33		92.00		362.00		0.00		40016.33		40846.00
all-perm-agent    			474.33		96.67		373.67		0.00		39506.33		40353.33

Running xalan:
no-trans-agent    			433.00		96.00		334.00		0.00		4713.67		5218.33
empty-perm-agent  			461.33		102.00		355.33		0.00		4718.33		5233.67
no-agent          			80.33		0.00		0.00		0.00		4790.33		4926.00
no-fr-perm-agent  			445.00		90.67		350.00		0.00		5010.67		5504.33
all-perm-agent    			471.67		95.33		369.33		0.00		4820.00		5363.67

Running zxing:
no-trans-agent    			439.67		96.33		340.67		0.00		5891.33		8774.33
empty-perm-agent  			449.33		91.67		353.67		0.00		6247.00		9041.67
no-agent          			87.67		0.00		0.00		0.00		5769.67		6304.67
no-fr-perm-agent  			460.00		90.00		366.33		0.00		6510.33		10375.33
all-perm-agent    			475.00		97.33		371.67		0.00		5861.00		8891.67
