Agent-n			start-main	start-agent	agent-setup	file-trans	main-exec	total-exec


Running avrora:
Agent-0			77.33		0.00		0.00		0.00		14446.00		14543.33
Agent-1			432.67		88.67		340.33		0.00		13530.00		13988.67
Agent-2			447.67		92.67		350.33		0.00		13486.33		13956.67
Agent-3			458.33		84.67		369.00		21.33		13423.00		13906.67
Agent-4			459.00		83.00		371.33		0.00		13357.67		13844.00

Running batik:
Agent-0			69.33		0.00		0.00		0.00		5251.67		5348.33
Agent-1			423.67		81.33		339.00		0.00		5123.00		5578.00
Agent-2			460.33		85.33		368.67		0.00		5247.67		5746.67
Agent-3			469.33		85.67		378.33		22.33		5433.33		5933.33
Agent-4			475.33		85.33		386.00		0.00		5236.67		5741.00

Running biojava:
Agent-0			73.33		0.00		0.00		0.00		23070.00		23177.33
Agent-1			434.67		86.67		344.33		0.00		22712.00		23185.67
Agent-2			446.67		86.00		355.33		0.00		22398.33		22884.67
Agent-3			469.67		87.67		377.67		22.33		22536.00		23045.00
Agent-4			467.00		84.33		378.67		0.00		22498.33		23001.33

Running cassandra:
