Agent-n			start-main	start-agent	agent-setup	file-trans	main-exec	total-exec


Running avrora:
Agent-0			68.00		0.00		0.00		0.00		16116.67		16207.67
Agent-1			451.33		89.33		358.33		0.00		15679.00		16156.67
Agent-2			454.67		85.67		364.00		0.00		15235.33		15713.00
Agent-3			464.00		85.67		374.33		22.67		13780.67		14269.67
Agent-4			483.00		87.33		391.00		0.00		13941.67		14447.67

Running batik:
Agent-0			64.33		0.00		0.00		0.00		5270.33		5362.67
Agent-1			502.33		94.00		404.33		0.00		5382.33		5914.67
Agent-2			450.67		83.67		362.00		0.00		5236.00		5715.33
Agent-3			473.67		83.33		386.00		21.33		5195.00		5698.00
Agent-4			482.67		82.67		396.00		0.00		5197.00		5708.67

Running biojava:
Agent-0			70.00		0.00		0.00		0.00		23031.67		23150.67
Agent-1			468.00		101.67		362.33		0.00		22985.33		23491.00
Agent-2			449.33		88.00		355.67		0.00		23057.00		23544.67
Agent-3			482.00		88.67		388.67		23.33		23298.00		23822.00
Agent-4			580.33		99.00		474.67		0.00		23620.67		24236.33

Running cassandra:
An error occurred. 'MAIN_EXITING'
Running eclipse:
Agent-0			68.00		0.00		0.00		0.00		40857.67		41037.00
Agent-1			518.33		106.67		408.00		0.00		41729.00		42369.00
Agent-2			459.33		87.00		366.33		0.00		42104.67		42666.00
Agent-3			481.33		86.67		390.33		26.00		43246.33		43834.33
Agent-4			484.67		89.67		390.33		0.00		43312.33		43933.33

Running fop:
Agent-0			73.33		0.00		0.00		0.00		5703.67		5860.67
Agent-1			466.00		92.33		370.33		0.00		5496.33		6017.33
Agent-2			458.67		87.33		366.00		0.00		5514.67		6046.00
Agent-3			484.00		87.67		392.33		22.67		5495.00		6038.33
Agent-4			473.67		87.33		381.33		0.00		5251.33		5801.67

Running graphchi:
Agent-0			66.67		0.00		0.00		0.00		17153.67		17251.00
Agent-1			454.33		84.33		366.33		0.00		16225.33		16702.00
Agent-2			461.67		85.00		371.67		0.00		16327.00		16812.33
Agent-3			496.00		86.00		406.00		23.00		16938.00		17457.00
Agent-4			510.67		87.67		418.00		0.00		17614.67		18150.33

Running h2:
Agent-0			62.67		0.00		0.00		0.00		21738.00		22101.67
Agent-1			448.67		86.33		359.00		0.00		21498.67		22242.67
Agent-2			445.33		86.33		353.33		0.00		21623.67		22356.33
Agent-3			480.67		85.67		390.00		26.00		21731.67		22488.00
Agent-4			470.67		90.00		376.00		0.00		21986.33		22748.33

Running jme:
Agent-0			69.67		0.00		0.00		0.00		8864.33		8958.33
Agent-1			472.67		85.67		383.33		0.00		8714.00		9211.33
Agent-2			482.67		89.33		388.00		0.00		8774.67		9283.67
An error occurred. 'MAIN_EXITING'
Running jython:
An error occurred. 'MAIN_EXITING'
Running kafka:
