Agent-n			start-main	start-agent	agent-setup	file-trans	main-exec	total-exec


Running avrora:
Agent-0			74.00		0.00		0.00		0.00		16535.33		16634.00
Agent-1			463.33		92.67		366.67		0.00		15280.00		15773.33
Agent-2			443.00		85.67		352.00		0.00		15630.33		16093.67
Agent-3			494.00		95.00		394.67		22.67		15463.00		15985.33
Agent-4			517.67		94.00		419.00		0.00		15353.33		15899.67
Agent-0			71.67		0.00		0.00		0.00		17075.33		17167.67
Agent-2			480.33		88.00		387.00		0.00		16443.67		16953.00

Running batik:
Agent-0			74.67		0.00		0.00		0.00		6565.00		6670.33
Agent-1			524.33		99.33		420.33		0.00		5810.67		6365.00
Agent-2			450.67		89.67		356.00		0.00		5581.00		6059.67
Agent-3			511.67		89.00		418.00		25.00		5572.33		6111.67
Agent-4			504.67		90.33		409.33		0.00		5703.33		6236.33
Agent-0			66.33		0.00		0.00		0.00		5826.67		5921.67
Agent-2			484.33		91.33		387.33		0.00		5907.00		6421.00

Running biojava:
Agent-0			68.67		0.00		0.00		0.00		24234.67		24341.67
Agent-1			469.67		86.67		379.00		0.00		23170.33		23677.00
Agent-2			472.33		89.67		376.67		0.00		23506.00		24016.00
Agent-3			535.67		99.00		432.00		23.33		24336.67		24910.00
Agent-4			501.67		87.00		409.67		0.00		24113.67		24656.00
Agent-0			68.00		0.00		0.00		0.00		23327.00		23429.00
Agent-2			480.33		87.00		388.00		0.00		23162.33		23681.33

Running cassandra:
An error occurred. 'MAIN_EXITING'
Running eclipse:
Agent-0			64.33		0.00		0.00		0.00		41014.33		41162.33
Agent-1			436.33		87.33		345.00		0.00		41167.67		41696.33
Agent-2			470.67		89.00		376.00		0.00		40550.33		41117.67
Agent-3			474.33		86.67		383.00		24.33		42648.00		43237.33
Agent-4			473.67		83.00		386.33		0.00		41876.00		42435.67
Agent-0			69.67		0.00		0.00		0.00		40584.33		40739.33
Agent-2			483.67		86.33		392.33		0.00		41802.67		42392.33

Running fop:
Agent-0			64.67		0.00		0.00		0.00		6067.67		6192.33
Agent-1			470.67		87.33		379.33		0.00		5417.33		5956.67
Agent-2			468.67		84.00		377.67		0.00		5387.67		5916.33
Agent-3			485.33		92.00		389.00		21.67		5367.00		5917.00
Agent-4			477.67		87.67		385.33		0.00		5514.00		6059.33
Agent-0			67.00		0.00		0.00		0.00		5498.67		5639.00
Agent-2			467.00		86.00		376.00		0.00		5443.67		5991.67

Running graphchi:
Agent-0			76.33		0.00		0.00		0.00		21032.67		21133.00
Agent-1			483.33		95.33		384.00		0.00		17207.00		17715.00
Agent-2			453.00		91.00		357.00		0.00		16613.00		17087.00
Agent-3			475.67		87.33		383.67		22.33		18365.00		18864.67
Agent-4			489.67		93.33		392.33		0.00		16450.00		16962.33
Agent-0			67.00		0.00		0.00		0.00		16554.33		16652.67
Agent-2			445.33		89.00		351.33		0.00		16912.33		17380.00

Running h2:
Agent-0			102.00		0.00		0.00		0.00		22136.33		22574.00
Agent-1			443.00		82.67		355.67		0.00		21284.67		21987.33
Agent-2			443.67		86.33		352.67		0.00		21685.33		22408.00
Agent-3			492.00		86.00		401.67		22.00		21210.00		21972.00
Agent-4			486.67		90.67		391.67		0.00		21953.33		22710.33
Agent-0			262.00		0.00		0.00		0.00		21466.33		22012.00
Agent-2			459.67		92.33		362.00		0.00		22048.00		22790.67

Running jme:
Agent-0			65.00		0.00		0.00		0.00		9053.33		9139.33
Agent-1			452.33		86.00		363.00		0.00		8758.00		9234.33
Agent-2			531.33		97.00		428.33		0.00		8746.33		9301.00
Agent-3			505.67		97.00		404.33		25.00		8743.33		9272.67
Agent-4			483.00		86.33		392.33		0.00		8765.67		9272.33
Agent-0			65.67		0.00		0.00		0.00		8765.33		8852.33
Agent-2			451.67		85.00		361.67		0.00		8707.67		9183.67

Running jython:
Agent-0			68.00		0.00		0.00		0.00		16846.67		16975.33
Agent-1			441.33		86.33		351.33		0.00		16037.67		16532.00
Agent-2			501.00		92.33		401.33		0.00		17188.00		17745.67
Agent-3			477.67		84.67		388.00		22.33		16668.33		17240.33
Agent-4			503.33		89.00		409.67		0.00		16747.33		17381.33
Agent-0			66.33		0.00		0.00		0.00		16445.67		16567.33
Agent-2			464.00		83.67		375.00		0.00		16580.33		17095.67

Running kafka:
Agent-0			105.00		0.00		0.00		0.00		18950.00		20871.00
Agent-1			990.33		189.33		791.67		0.00		20638.33		23611.00
Agent-2			929.00		176.33		742.33		0.00		21175.67		23891.33
Agent-3			1004.00		175.33		821.00		43.00		21838.67		24802.00
An error occurred. 'MAIN_EXITING'
Running luindex:
Agent-0			82.00		0.00		0.00		0.00		47035.00		47158.67
Agent-1			537.00		105.00		427.00		0.00		30783.00		31358.00
Agent-2			473.33		89.67		378.67		0.00		30484.00		31009.00
Agent-3			505.33		87.67		413.33		24.00		30340.33		30890.67
Agent-4			467.00		88.67		374.67		0.00		29551.33		30058.33
Agent-0			68.33		0.00		0.00		0.00		30157.33		30273.67
Agent-2			615.67		118.33		491.00		0.00		38519.67		39194.67

Running lusearch:
An error occurred. 'MAIN_EXITING'
Running pmd:
An error occurred. 'MAIN_EXITING'
Running spring:
An error occurred. 'MAIN_EXITING'
Running sunflow:
An error occurred. 'MAIN_EXITING'
Running tomcat:
An error occurred. 'MAIN_EXITING'
Running tradebeans:
An error occurred. 'MAIN_EXITING'
Running tradesoap:
An error occurred. 'MAIN_EXITING'
Running xalan:
An error occurred. 'MAIN_EXITING'
Running zxing:
Agent-0			133.33		0.00		0.00		0.00		10826.33		13763.67
An error occurred. 'MAIN_EXITING'